VITE_OPERATOR_ID=0.0.1521
VITE_OPERATOR_KEY=302e020100300506032b657004220420b64f35f8fff0920db2357915a8de862dca19e0f658232a04c0812cab9ebb7530
VITE_HEDERA_NETWORK=testnet
VITE_USDT_TOKEN_ID=0.0.4046645
VITE_BARRAGE_TOKEN_ID=0.0.4086678